============ Topology : lossless ===========

Bandwidth : 50 kbits/s
simple : 
0.00 +/- 0.00 : 
0.00 +/- 0.00 : 
0.00 +/- 0.00 : 
hoolock : 
50.98 +/- 0.18 : 51.156 50.568 51.156 51.156 50.568 50.568 51.156 51.156 51.156 51.156
0.00 +/- 0.00 : 0 0 0 0 0 0 0 0 0 0
0.00 +/- 0.00 : 0 0 0 0 0 0 0 0 0 0
hard : 
50.63 +/- 0.12 : 50.568 50.568 50.568 50.568 50.568 51.156 50.568 50.568 50.568 50.568
6.70 +/- 1.01 : 6 5 6 5 9 6 10 7 6 7
0.00 +/- 0.00 : 0 0 0 0 0 0 0 0 0 0

Bandwidth : 100 kbits/s
simple : 
0.00 +/- 0.00 : 
0.00 +/- 0.00 : 
0.00 +/- 0.00 : 
hoolock : 
100.96 +/- 0.18 : 101.136 101.136 101.136 100.548 101.136 101.136 101.136 101.136 100.548 100.548
0.10 +/- 0.20 : 0 0 1 0 0 0 0 0 0 0
0.10 +/- 0.20 : 0 0 1 0 0 0 0 0 0 0
hard : 
100.67 +/- 0.15 : 100.548 100.548 100.548 101.136 101.136 100.548 100.548 100.548 100.548 100.548
11.00 +/- 1.24 : 11 11 10 10 9 11 9 16 11 12
0.00 +/- 0.00 : 0 0 0 0 0 0 0 0 0 0

Bandwidth : 200 kbits/s
simple : 
0.00 +/- 0.00 : 
0.00 +/- 0.00 : 
0.00 +/- 0.00 : 
hoolock : 
200.92 +/- 0.18 : 201.096 201.096 200.508 200.508 200.508 201.096 201.096 201.096 201.096 201.096
0.10 +/- 0.20 : 0 0 0 0 0 0 0 0 1 0
0.00 +/- 0.00 : 0 0 0 0 0 0 0 0 0 0
hard : 
200.86 +/- 0.19 : 200.508 201.096 200.508 201.096 201.096 201.096 201.096 200.508 200.508 201.096
19.90 +/- 1.35 : 24 21 18 20 19 18 23 20 18 18
0.10 +/- 0.20 : 0 0 0 0 0 0 1 0 0 0

Bandwidth : 400 kbits/s
simple : 
0.00 +/- 0.00 : 
0.00 +/- 0.00 : 
0.00 +/- 0.00 : 
hoolock : 
400.55 +/- 0.23 : 401.016 401.016 401.016 400.428 399.84 400.428 400.428 400.428 400.428 400.428
0.30 +/- 0.30 : 1 0 0 1 0 0 0 0 0 1
0.10 +/- 0.20 : 0 0 0 0 0 0 0 0 0 1
hard : 
400.49 +/- 0.12 : 400.428 400.428 400.428 401.016 400.428 400.428 400.428 400.428 400.428 400.428
35.10 +/- 2.50 : 32 38 40 41 37 29 33 33 31 37
0.60 +/- 0.78 : 0 0 1 4 0 0 0 0 0 1

Bandwidth : 800 kbits/s
simple : 
0.00 +/- 0.00 : 
0.00 +/- 0.00 : 
0.00 +/- 0.00 : 
hoolock : 
799.33 +/- 0.46 : 799.092 799.092 799.68 799.092 800.856 799.092 799.092 799.68 799.68 797.916
0.20 +/- 0.26 : 0 0 0 0 0 0 0 0 1 1
0.70 +/- 0.30 : 1 0 1 1 0 0 1 1 1 1
hard : 
799.62 +/- 0.36 : 799.68 799.092 799.092 799.092 800.856 800.268 799.68 799.092 799.68 799.68
64.50 +/- 4.59 : 74 67 58 69 66 65 74 53 65 54
0.50 +/- 0.44 : 0 1 1 0 0 0 0 1 0 2

--------------------------------------

============ Topology : lossy ===========

Bandwidth : 50 kbits/s
simple : 
50.76 +/- 0.18 : 51.156 51.156 51.156 50.568 50.568 50.568 50.568 50.568 50.568
7.89 +/- 1.44 : 6 10 10 4 7 9 11 8 6
0.00 +/- 0.00 : 0 0 0 0 0 0 0 0 0 0
hoolock : 
50.92 +/- 0.19 : 51.156 50.568 50.568 51.156 50.568 51.156 51.156 50.568 51.156 51.156
8.80 +/- 1.54 : 13 10 6 11 7 6 9 6 9 11
0.00 +/- 0.00 : 0 0 0 0 0 0 0 0 0 0
hard : 
50.92 +/- 0.19 : 51.156 51.156 50.568 50.568 51.156 51.156 51.156 50.568 50.568 51.156
15.40 +/- 1.50 : 11 17 16 14 14 18 15 13 18 18
0.00 +/- 0.00 : 0 0 0 0 0 0 0 0 0 0

Bandwidth : 100 kbits/s
simple : 
100.90 +/- 0.19 : 100.548 100.548 101.136 101.136 100.548 101.136 101.136 100.548 101.136 101.136
13.90 +/- 2.42 : 17 16 9 16 14 11 10 9 17 20
0.00 +/- 0.00 : 0 0 0 0 0 0 0 0 0 0
hoolock : 
100.81 +/- 0.19 : 100.548 101.136 101.136 101.136 100.548 100.548 100.548 100.548 101.136
16.33 +/- 1.35 : 18 18 16 14 14 19 18 13 17
0.20 +/- 0.26 : 0 0 0 0 1 1 0 0 0 0
hard : 
100.72 +/- 0.18 : 100.548 100.548 100.548 101.136 100.548 100.548 100.548 101.136 101.136 100.548
29.50 +/- 2.25 : 28 26 33 26 27 27 36 27 33 32
0.00 +/- 0.00 : 0 0 0 0 0 0 0 0 0 0

Bandwidth : 200 kbits/s
simple : 
200.74 +/- 0.19 : 200.508 200.508 200.508 200.508 200.508 201.096 200.508 201.096 201.096 201.096
32.70 +/- 1.87 : 35 33 32 26 30 37 33 35 33 33
0.00 +/- 0.00 : 0 0 0 0 0 0 0 0 0 0
hoolock : 
200.92 +/- 0.18 : 201.096 201.096 200.508 201.096 201.096 200.508 201.096 200.508 201.096 201.096
30.80 +/- 1.62 : 31 32 36 29 30 30 26 30 31 33
0.00 +/- 0.00 : 0 0 0 0 0 0 0 0 0 0
hard : 
200.63 +/- 0.15 : 200.508 201.096 200.508 200.508 200.508 200.508 201.096 200.508 200.508 200.508
56.40 +/- 3.35 : 56 60 58 50 53 50 68 57 53 59
0.00 +/- 0.00 : 0 0 0 0 0 0 0 0 0 0

Bandwidth : 400 kbits/s
simple : 
400.60 +/- 0.18 : 400.428 400.428 400.428 401.016 400.428 401.016 400.428 400.428 401.016 400.428
68.70 +/- 2.80 : 76 66 65 66 73 64 72 63 73 69
0.40 +/- 0.78 : 0 0 0 0 4 0 0 0 0 0
hoolock : 
400.43 +/- 0.24 : 400.428 400.428 400.428 401.016 400.428 399.84 401.016 399.84 400.428 400.428
65.00 +/- 4.33 : 58 67 55 65 69 66 72 71 54 73
1.10 +/- 1.15 : 5 0 0 1 0 4 1 0 0 0
hard : 
400.37 +/- 0.12 : 400.428 400.428 400.428 400.428 399.84 400.428 400.428 400.428 400.428 400.428
101.00 +/- 3.49 : 94 104 98 108 107 94 101 101 95 108
0.00 +/- 0.00 : 0 0 0 0 0 0 0 0 0 0

Bandwidth : 800 kbits/s
simple : 
798.45 +/- 1.36 : 799.092 799.68 798.504 798.504 799.092 797.916 800.268 800.268 798.504 792.624
132.40 +/- 3.91 : 138 130 132 131 143 122 126 134 139 129
0.30 +/- 0.30 : 0 1 1 1 0 0 0 0 0 0
hoolock : 
799.56 +/- 0.29 : 800.268 799.092 799.092 799.092 799.68 799.68 799.68 799.092 800.268 799.68
133.70 +/- 4.20 : 127 135 140 135 125 125 139 138 144 129
0.70 +/- 0.51 : 1 0 0 1 2 1 0 0 0 2
hard : 
799.44 +/- 0.52 : 798.504 800.268 799.68 799.092 798.504 800.856 800.268 799.092 799.68 798.504
206.40 +/- 4.86 : 199 203 211 219 215 199 213 206 195 204
0.30 +/- 0.30 : 0 0 0 1 1 0 0 0 1 0

--------------------------------------

